la r5, r11
 000001100100 00000 000 00001 0010011
 0000 0110 0100 0000 0000 0000 1001 0011
 06400093

la r6, r12
 000000010100 00000 000 00010 0010011
 0000 0001 0100 0000 0000 0001 0001 0011
 01400113

blt r5, r6, menor
 0000000 00000 00000 000 10000 1100011 
 0000 0000 0000 0000 0000 1000 0110 0011 
 00000463

bge r5, r6, mayor
 0000000 00010 00101 000 00101 0110011 
 0000 0000 0010 0010 1000 0010 1011 0011 
 002282B3

addi r5, r5, 1
 111111111111 00001 000 00001 0010011
 1111 1111 1111 0000 1000 0000 1001 0011
FFF08093

addi r6, r6, 1
 1 1111111101 1 11111111 00000 1101111
 1111 1111 1011 1111 1111 0000 0110 1111
 FFBFF06F

addi r1, r0, -1
 0000000 00101 00000 010 10000 0100011
 0000 0000 0101 0000 0010 1000 0010 0011
 00502823


jal r0, final
 0000000 00101 00000 010 10000 0100011
 0000 0000 0101 0000 0010 1000 0010 0011
 00502823

beq r5, r6, incremento
 0000000 00101 00000 100 00000 0100011
 0000 0000 0101 0000 0100 0010 0010 0011
 00502823

jal r0, final
 0000000 00101 00000 010 10000 0100011
 0000 0000 0101 0000 0010 1000 0010 0011
 00078423
  
06400093
01400113
00000463
002282B3
FFF08093
FFBFF06F
00502823